A = [1:5; 6:10; 11:15; 16:20];
A
col=[1;1;1;1;1]
row=[1 1 1 1]
result=(row*A)*col