km=100/1000
hour=9.58/(60*60)
hundred=km/hour

hh=((2*60*60)+(1*60)+39)/3600
distance=42.195
marathon=distance/hh